77
Sebastes_aleutianus     0.0000000 0.0215945 0.0224425 0.0227048 0.0213952 0.0216584 0.0171869 0.0208688 0.0210583 0.0200877 0.0209261 0.0196198 0.0187948 0.0200700 0.0190389 0.0212495 0.0218963 0.0213864 0.0193002 0.0195734 0.0219751 0.0178067 0.0225249 0.0259893 0.0201432 0.0191950 0.0275934 0.0247025 0.0186396 0.0219695 0.0241288 0.0245692 0.0204381 0.0276705 0.0194625 0.0210872 0.0202005 0.0212072 0.0188733 0.0201972 0.0214108 0.0241443 0.0204725 0.0193826 0.0200502 0.0254479 0.0260395 0.0254061 0.0198823 0.0258883 0.0246255 0.0192205 0.0195728 0.0194914 0.0204999 0.0172155 0.0185948 0.0204221 0.0205636 0.0211319 0.0203472 0.0252282 0.0210984 0.0207546 0.0231260 0.0219198 0.0245746 0.0243716 0.0237131 0.0201312 0.0193917 0.0196532 0.0201399 0.0183223 0.0298335 0.1204655 0.0224739 
Sebastes_alutus         0.0215945 0.0000000 0.0278500 0.0267345 0.0256600 0.0261210 0.0240827 0.0256102 0.0256950 0.0269074 0.0242403 0.0263489 0.0232200 0.0266613 0.0249151 0.0255006 0.0257087 0.0253817 0.0250376 0.0257012 0.0246195 0.0246924 0.0264713 0.0317378 0.0275321 0.0265233 0.0336189 0.0315301 0.0234209 0.0275111 0.0307102 0.0326265 0.0255141 0.0323107 0.0252767 0.0260647 0.0277076 0.0253501 0.0266130 0.0275285 0.0256758 0.0273426 0.0282620 0.0235943 0.0255518 0.0310112 0.0302390 0.0310342 0.0261649 0.0335171 0.0280255 0.0247531 0.0222537 0.0257489 0.0266670 0.0202338 0.0269565 0.0263305 0.0281217 0.0260320 0.0260413 0.0304539 0.0280494 0.0267958 0.0251411 0.0262887 0.0321136 0.0308941 0.0268507 0.0274867 0.0213004 0.0247737 0.0265610 0.0238592 0.0326827 0.1315474 0.0281944 
Sebastes_atrovirens     0.0224425 0.0278500 0.0000000 0.0125048 0.0099711 0.0227910 0.0223716 0.0104837 0.0120361 0.0207825 0.0257657 0.0208635 0.0219022 0.0119425 0.0230846 0.0221443 0.0184318 0.0208794 0.0226732 0.0216878 0.0257361 0.0203077 0.0279715 0.0265092 0.0206483 0.0226857 0.0299074 0.0272740 0.0238332 0.0251075 0.0236062 0.0280690 0.0263870 0.0314269 0.0228598 0.0107219 0.0257218 0.0221094 0.0211771 0.0256173 0.0221552 0.0282410 0.0217039 0.0226865 0.0111908 0.0283621 0.0301732 0.0296704 0.0207306 0.0297890 0.0265208 0.0221627 0.0260151 0.0227868 0.0121698 0.0200512 0.0199434 0.0225345 0.0221451 0.0232957 0.0131855 0.0297131 0.0262996 0.0139217 0.0237900 0.0283399 0.0292196 0.0272342 0.0246141 0.0214589 0.0232350 0.0228935 0.0244487 0.0242678 0.0342198 0.1211276 0.0211598 
Sebastes_auriculatus    0.0227048 0.0267345 0.0125048 0.0000000 0.0124601 0.0228476 0.0225922 0.0131067 0.0128857 0.0214107 0.0265680 0.0209186 0.0222339 0.0108067 0.0218542 0.0234269 0.0177161 0.0204839 0.0244193 0.0209272 0.0270550 0.0211303 0.0289441 0.0263803 0.0204463 0.0216356 0.0308808 0.0292520 0.0245276 0.0245152 0.0247164 0.0281722 0.0250775 0.0302290 0.0211552 0.0123848 0.0254278 0.0228818 0.0209963 0.0277080 0.0224507 0.0288173 0.0215816 0.0230416 0.0120444 0.0283363 0.0300592 0.0295867 0.0215393 0.0304800 0.0268521 0.0219045 0.0266279 0.0242062 0.0112525 0.0206742 0.0215130 0.0206480 0.0233587 0.0229673 0.0139681 0.0295918 0.0252244 0.0141139 0.0221902 0.0269782 0.0287441 0.0293450 0.0256260 0.0225639 0.0237204 0.0235549 0.0248738 0.0230835 0.0319489 0.1222553 0.0223739 
Sebastes_aurora         0.0213952 0.0256600 0.0099711 0.0124601 0.0000000 0.0202517 0.0214865 0.0086311 0.0067051 0.0176568 0.0243142 0.0178018 0.0198719 0.0109980 0.0207103 0.0219563 0.0163653 0.0193590 0.0208866 0.0188908 0.0265519 0.0191625 0.0277188 0.0256741 0.0189921 0.0179072 0.0295674 0.0258076 0.0241237 0.0236152 0.0241075 0.0265658 0.0233674 0.0295324 0.0212402 0.0088526 0.0225628 0.0209897 0.0179437 0.0249934 0.0192716 0.0270202 0.0203017 0.0199518 0.0099584 0.0275603 0.0295239 0.0272076 0.0196972 0.0265381 0.0236803 0.0187485 0.0241945 0.0217647 0.0113517 0.0200099 0.0175498 0.0178956 0.0202748 0.0220071 0.0118106 0.0273530 0.0231812 0.0117285 0.0214479 0.0248417 0.0273844 0.0269458 0.0237789 0.0197775 0.0208406 0.0212159 0.0217609 0.0213277 0.0325520 0.1181943 0.0212938 
Sebastes_babcocki       0.0216584 0.0261210 0.0227910 0.0228476 0.0202517 0.0000000 0.0232503 0.0208750 0.0211941 0.0197089 0.0243348 0.0200865 0.0203202 0.0205809 0.0212116 0.0120080 0.0213857 0.0197445 0.0236240 0.0197430 0.0239009 0.0202564 0.0260477 0.0228076 0.0204013 0.0197879 0.0291567 0.0285757 0.0232439 0.0253626 0.0206830 0.0281929 0.0235836 0.0299810 0.0184138 0.0227130 0.0227424 0.0218186 0.0207108 0.0243456 0.0219202 0.0270645 0.0206056 0.0212811 0.0207400 0.0277823 0.0306918 0.0274915 0.0197080 0.0292070 0.0216080 0.0196461 0.0248973 0.0221477 0.0218725 0.0187121 0.0190769 0.0207998 0.0204131 0.0138954 0.0221816 0.0281778 0.0234192 0.0204391 0.0121683 0.0252771 0.0280270 0.0287195 0.0260762 0.0215225 0.0225269 0.0222915 0.0245537 0.0220659 0.0311187 0.1201703 0.0108281 
Sebastes_baramenuke     0.0171869 0.0240827 0.0223716 0.0225922 0.0214865 0.0232503 0.0000000 0.0226992 0.0231861 0.0221820 0.0210992 0.0198531 0.0187156 0.0212695 0.0192505 0.0221737 0.0223639 0.0206060 0.0208388 0.0205006 0.0203236 0.0187210 0.0232606 0.0254332 0.0206419 0.0207762 0.0280469 0.0254395 0.0196200 0.0209548 0.0247447 0.0256512 0.0215943 0.0251787 0.0225307 0.0219526 0.0197700 0.0212077 0.0204555 0.0206120 0.0221156 0.0221288 0.0220255 0.0196431 0.0216813 0.0248981 0.0263744 0.0274015 0.0201417 0.0270988 0.0241379 0.0197507 0.0205680 0.0213303 0.0219229 0.0174099 0.0196101 0.0225420 0.0233590 0.0221517 0.0207238 0.0261536 0.0219084 0.0214458 0.0234338 0.0238589 0.0238294 0.0254770 0.0240013 0.0223169 0.0185747 0.0201744 0.0218701 0.0208574 0.0306659 0.1190604 0.0210859 
Sebastes_carnatus       0.0208688 0.0256102 0.0104837 0.0131067 0.0086311 0.0208750 0.0226992 0.0000000 0.0106120 0.0196951 0.0253081 0.0199256 0.0214359 0.0120380 0.0215291 0.0224515 0.0189802 0.0202929 0.0206114 0.0192450 0.0271450 0.0206604 0.0284872 0.0269279 0.0199309 0.0206374 0.0308216 0.0275090 0.0246485 0.0245005 0.0254243 0.0272080 0.0256600 0.0306958 0.0222549 0.0085971 0.0239610 0.0232037 0.0202139 0.0243809 0.0199827 0.0267878 0.0206596 0.0208644 0.0099776 0.0275661 0.0321197 0.0272622 0.0214706 0.0282993 0.0250753 0.0198188 0.0248366 0.0230926 0.0127284 0.0208907 0.0187632 0.0196181 0.0203258 0.0215638 0.0129895 0.0294914 0.0242554 0.0123304 0.0226395 0.0266308 0.0290127 0.0271761 0.0244044 0.0208218 0.0236527 0.0222271 0.0233653 0.0219129 0.0326634 0.1244441 0.0220167 
Sebastes_caurinus       0.0210583 0.0256950 0.0120361 0.0128857 0.0067051 0.0211941 0.0231861 0.0106120 0.0000000 0.0194025 0.0238471 0.0196638 0.0231302 0.0105675 0.0217978 0.0228277 0.0182951 0.0196765 0.0219357 0.0202765 0.0274803 0.0202878 0.0278847 0.0261676 0.0201512 0.0226034 0.0311577 0.0280351 0.0248049 0.0254414 0.0240610 0.0305632 0.0247669 0.0302740 0.0218711 0.0095244 0.0257770 0.0235560 0.0193563 0.0279334 0.0203708 0.0290858 0.0215410 0.0223049 0.0105145 0.0291868 0.0331023 0.0281294 0.0213864 0.0303263 0.0259541 0.0196093 0.0250613 0.0230174 0.0131568 0.0204778 0.0209168 0.0181790 0.0212931 0.0227545 0.0146817 0.0297259 0.0249866 0.0134270 0.0217786 0.0246327 0.0283578 0.0289666 0.0272381 0.0216782 0.0232239 0.0220777 0.0237554 0.0230623 0.0311341 0.1256788 0.0227008 
Sebastes_chlorostictus  0.0200877 0.0269074 0.0207825 0.0214107 0.0176568 0.0197089 0.0221820 0.0196951 0.0194025 0.0000000 0.0241937 0.0095321 0.0208430 0.0206433 0.0201552 0.0190291 0.0196624 0.0104421 0.0202218 0.0094857 0.0257320 0.0197659 0.0264001 0.0228451 0.0100889 0.0183866 0.0298203 0.0262205 0.0226516 0.0242343 0.0229393 0.0263841 0.0232237 0.0313991 0.0209102 0.0191339 0.0227417 0.0216191 0.0187038 0.0232839 0.0203450 0.0277292 0.0200189 0.0198801 0.0188126 0.0269403 0.0291008 0.0257958 0.0096808 0.0278866 0.0217180 0.0188961 0.0229062 0.0223644 0.0215563 0.0189984 0.0098126 0.0083557 0.0214729 0.0212668 0.0194649 0.0286665 0.0224566 0.0191887 0.0196558 0.0265621 0.0264940 0.0279470 0.0250705 0.0102873 0.0221276 0.0234115 0.0226477 0.0202021 0.0316921 0.1234848 0.0195647 
Sebastes_ciliatus       0.0209261 0.0242403 0.0257657 0.0265680 0.0243142 0.0243348 0.0210992 0.0253081 0.0238471 0.0241937 0.0000000 0.0230178 0.0224690 0.0252545 0.0221653 0.0254913 0.0238503 0.0248093 0.0225998 0.0245126 0.0244298 0.0210279 0.0255103 0.0289324 0.0249542 0.0236889 0.0306556 0.0285754 0.0248294 0.0242422 0.0272588 0.0286891 0.0251301 0.0298817 0.0263983 0.0254320 0.0242904 0.0227776 0.0230529 0.0231163 0.0231784 0.0265557 0.0244259 0.0225401 0.0249733 0.0296760 0.0299127 0.0292004 0.0250030 0.0288646 0.0283679 0.0230780 0.0129365 0.0236624 0.0244627 0.0190838 0.0229893 0.0242675 0.0248943 0.0286730 0.0250678 0.0294475 0.0251086 0.0260977 0.0261573 0.0258372 0.0267859 0.0288706 0.0252396 0.0250010 0.0062034 0.0252398 0.0239950 0.0250583 0.0319730 0.1201835 0.0249509 
Sebastes_constellatus   0.0196198 0.0263489 0.0208635 0.0209186 0.0178018 0.0200865 0.0198531 0.0199256 0.0196638 0.0095321 0.0230178 0.0000000 0.0197592 0.0196317 0.0191524 0.0186557 0.0192339 0.0111110 0.0199878 0.0098068 0.0246724 0.0197633 0.0258657 0.0225092 0.0106656 0.0172841 0.0281515 0.0254844 0.0228812 0.0241044 0.0218621 0.0255929 0.0227249 0.0286116 0.0203063 0.0188242 0.0231259 0.0226172 0.0179945 0.0234702 0.0174050 0.0269783 0.0194318 0.0189359 0.0188967 0.0257923 0.0286583 0.0279280 0.0093044 0.0269879 0.0218354 0.0185211 0.0221505 0.0218101 0.0205217 0.0192626 0.0095536 0.0104225 0.0183935 0.0215097 0.0184638 0.0273860 0.0227979 0.0182018 0.0205417 0.0253187 0.0259704 0.0264027 0.0253907 0.0101615 0.0203964 0.0214297 0.0210137 0.0215873 0.0307113 0.1220393 0.0198258 
Sebastes_crameri        0.0187948 0.0232200 0.0219022 0.0222339 0.0198719 0.0203202 0.0187156 0.0214359 0.0231302 0.0208430 0.0224690 0.0197592 0.0000000 0.0216239 0.0205052 0.0218372 0.0204249 0.0214450 0.0204227 0.0223317 0.0219163 0.0202305 0.0241916 0.0263446 0.0225434 0.0196416 0.0284922 0.0252761 0.0219857 0.0206758 0.0239094 0.0253205 0.0218536 0.0282245 0.0237474 0.0216873 0.0216085 0.0198986 0.0188719 0.0225917 0.0212472 0.0237083 0.0216467 0.0187010 0.0213489 0.0260079 0.0271147 0.0272414 0.0219581 0.0283697 0.0242150 0.0199495 0.0204406 0.0194784 0.0226870 0.0084254 0.0199237 0.0209411 0.0220028 0.0232206 0.0207154 0.0250613 0.0219137 0.0214718 0.0223332 0.0233330 0.0271748 0.0256746 0.0231689 0.0215560 0.0194577 0.0199748 0.0199375 0.0191027 0.0309197 0.1208851 0.0220719 
Sebastes_dalli          0.0200700 0.0266613 0.0119425 0.0108067 0.0109980 0.0205809 0.0212695 0.0120380 0.0105675 0.0206433 0.0252545 0.0196317 0.0216239 0.0000000 0.0196980 0.0211350 0.0177804 0.0196209 0.0219225 0.0196062 0.0239446 0.0194049 0.0293545 0.0257146 0.0199969 0.0194515 0.0306156 0.0267234 0.0249879 0.0238968 0.0243724 0.0279998 0.0248615 0.0296501 0.0205668 0.0122536 0.0241121 0.0215162 0.0193284 0.0248006 0.0203069 0.0285224 0.0220477 0.0210988 0.0113042 0.0292856 0.0295909 0.0288777 0.0204114 0.0309615 0.0250606 0.0193800 0.0238634 0.0222742 0.0098016 0.0190198 0.0200791 0.0200684 0.0221024 0.0235339 0.0134583 0.0276646 0.0237823 0.0132047 0.0211080 0.0257348 0.0274872 0.0269972 0.0245715 0.0208922 0.0227068 0.0223877 0.0218788 0.0222225 0.0330039 0.1291624 0.0224264 
Sebastes_diaconus       0.0190389 0.0249151 0.0230846 0.0218542 0.0207103 0.0212116 0.0192505 0.0215291 0.0217978 0.0201552 0.0221653 0.0191524 0.0205052 0.0196980 0.0000000 0.0210550 0.0205361 0.0196390 0.0122303 0.0193611 0.0258666 0.0137894 0.0245910 0.0254390 0.0196104 0.0209152 0.0263159 0.0253658 0.0223922 0.0219123 0.0234638 0.0246609 0.0224011 0.0269251 0.0217122 0.0211431 0.0220849 0.0187464 0.0208069 0.0227206 0.0209878 0.0247777 0.0184697 0.0065518 0.0207345 0.0272045 0.0288664 0.0258659 0.0204085 0.0259044 0.0245458 0.0191026 0.0203851 0.0205320 0.0215803 0.0189732 0.0199389 0.0202431 0.0210693 0.0218953 0.0214532 0.0267967 0.0218860 0.0207777 0.0220897 0.0236652 0.0245889 0.0239962 0.0223450 0.0203027 0.0197608 0.0226050 0.0214784 0.0204897 0.0310881 0.1241702 0.0213290 
Sebastes_diploproa      0.0212495 0.0255006 0.0221443 0.0234269 0.0219563 0.0120080 0.0221737 0.0224515 0.0228277 0.0190291 0.0254913 0.0186557 0.0218372 0.0211350 0.0210550 0.0000000 0.0208268 0.0195166 0.0214188 0.0181352 0.0259341 0.0204223 0.0272776 0.0216603 0.0203658 0.0198212 0.0291210 0.0268615 0.0231847 0.0251622 0.0205306 0.0277253 0.0232717 0.0287947 0.0188245 0.0209202 0.0243115 0.0218333 0.0193069 0.0236923 0.0200370 0.0267381 0.0213492 0.0198935 0.0193307 0.0270571 0.0285948 0.0292280 0.0179719 0.0288786 0.0217082 0.0202439 0.0242650 0.0219213 0.0210937 0.0204650 0.0191146 0.0197594 0.0206851 0.0121935 0.0205966 0.0288757 0.0260969 0.0206295 0.0133366 0.0252170 0.0280643 0.0254907 0.0258150 0.0202654 0.0212758 0.0219757 0.0235344 0.0230381 0.0326376 0.1253855 0.0109922 
Sebastes_elongatus      0.0218963 0.0257087 0.0184318 0.0177161 0.0163653 0.0213857 0.0223639 0.0189802 0.0182951 0.0196624 0.0238503 0.0192339 0.0204249 0.0177804 0.0205361 0.0208268 0.0000000 0.0179154 0.0217300 0.0189557 0.0250694 0.0196577 0.0250069 0.0247064 0.0194537 0.0208003 0.0302618 0.0278633 0.0225670 0.0247714 0.0231279 0.0280824 0.0235443 0.0292191 0.0214084 0.0181413 0.0236414 0.0211613 0.0187699 0.0269051 0.0206122 0.0260837 0.0203062 0.0217410 0.0179057 0.0278377 0.0305756 0.0282739 0.0186293 0.0292146 0.0239481 0.0200317 0.0248099 0.0215550 0.0189618 0.0189092 0.0188296 0.0195021 0.0215623 0.0210140 0.0178796 0.0286996 0.0230062 0.0185580 0.0197694 0.0248643 0.0266442 0.0270740 0.0241668 0.0206599 0.0213092 0.0216350 0.0227978 0.0217797 0.0318757 0.1180392 0.0210896 
Sebastes_ensifer        0.0213864 0.0253817 0.0208794 0.0204839 0.0193590 0.0197445 0.0206060 0.0202929 0.0196765 0.0104421 0.0248093 0.0111110 0.0214450 0.0196209 0.0196390 0.0195166 0.0179154 0.0000000 0.0201512 0.0098159 0.0237011 0.0211631 0.0267508 0.0235036 0.0109213 0.0206849 0.0298872 0.0281960 0.0231122 0.0241384 0.0218738 0.0303602 0.0235677 0.0293996 0.0207294 0.0200455 0.0245940 0.0221662 0.0187220 0.0250979 0.0208937 0.0263821 0.0211918 0.0205993 0.0202867 0.0298419 0.0292870 0.0285402 0.0106529 0.0299930 0.0237783 0.0203366 0.0237208 0.0217525 0.0200329 0.0192604 0.0118119 0.0101828 0.0217128 0.0210132 0.0204391 0.0292932 0.0255173 0.0206180 0.0194701 0.0247506 0.0281287 0.0266059 0.0252105 0.0113583 0.0225604 0.0231496 0.0229265 0.0213136 0.0313933 0.1329214 0.0198179 
Sebastes_entomelas      0.0193002 0.0250376 0.0226732 0.0244193 0.0208866 0.0236240 0.0208388 0.0206114 0.0219357 0.0202218 0.0225998 0.0199878 0.0204227 0.0219225 0.0122303 0.0214188 0.0217300 0.0201512 0.0000000 0.0183224 0.0229962 0.0149918 0.0255143 0.0250044 0.0194550 0.0201915 0.0277100 0.0246355 0.0219806 0.0219786 0.0236961 0.0253426 0.0225731 0.0278403 0.0226080 0.0199888 0.0229455 0.0174368 0.0190978 0.0210330 0.0208045 0.0247847 0.0209291 0.0105457 0.0213431 0.0251790 0.0280834 0.0260680 0.0201497 0.0275873 0.0233151 0.0202113 0.0213893 0.0210544 0.0221026 0.0169576 0.0185529 0.0197645 0.0221198 0.0220737 0.0212591 0.0255904 0.0228196 0.0210111 0.0238907 0.0243700 0.0254294 0.0245894 0.0239091 0.0197956 0.0200981 0.0218876 0.0220413 0.0209344 0.0314731 0.1165889 0.0223564 
Sebastes_exsul          0.0195734 0.0257012 0.0216878 0.0209272 0.0188908 0.0197430 0.0205006 0.0192450 0.0202765 0.0094857 0.0245126 0.0098068 0.0223317 0.0196062 0.0193611 0.0181352 0.0189557 0.0098159 0.0183224 0.0000000 0.0244699 0.0195652 0.0266020 0.0226501 0.0106585 0.0189678 0.0305483 0.0267011 0.0229860 0.0231263 0.0232600 0.0271707 0.0233825 0.0298832 0.0208389 0.0188053 0.0239195 0.0219762 0.0182194 0.0239554 0.0178163 0.0280267 0.0206365 0.0192168 0.0182587 0.0282568 0.0285363 0.0276284 0.0082842 0.0291420 0.0211969 0.0187491 0.0228342 0.0210371 0.0210861 0.0194926 0.0105508 0.0103810 0.0205578 0.0204080 0.0185514 0.0273744 0.0233872 0.0191274 0.0194481 0.0265504 0.0271752 0.0253172 0.0250393 0.0091939 0.0218455 0.0227080 0.0216615 0.0198486 0.0321742 0.1238464 0.0199561 
Sebastes_fasciatus      0.0219751 0.0246195 0.0257361 0.0270550 0.0265519 0.0239009 0.0203236 0.0271450 0.0274803 0.0257320 0.0244298 0.0246724 0.0219163 0.0239446 0.0258666 0.0259341 0.0250694 0.0237011 0.0229962 0.0244699 0.0000000 0.0219797 0.0247944 0.0287381 0.0242471 0.0229436 0.0288743 0.0275644 0.0209126 0.0236878 0.0270225 0.0289753 0.0226442 0.0296913 0.0250153 0.0254732 0.0238303 0.0245061 0.0250281 0.0080215 0.0242833 0.0245328 0.0273443 0.0237909 0.0245273 0.0263624 0.0277611 0.0294638 0.0248735 0.0288249 0.0278083 0.0246040 0.0234597 0.0250495 0.0259033 0.0199060 0.0236710 0.0248664 0.0259547 0.0262051 0.0245530 0.0297785 0.0252517 0.0259716 0.0263070 0.0246264 0.0270209 0.0278107 0.0255401 0.0255296 0.0229573 0.0237671 0.0238689 0.0237781 0.0324345 0.1198392 0.0238350 
Sebastes_flavidus       0.0178067 0.0246924 0.0203077 0.0211303 0.0191625 0.0202564 0.0187210 0.0206604 0.0202878 0.0197659 0.0210279 0.0197633 0.0202305 0.0194049 0.0137894 0.0204223 0.0196577 0.0211631 0.0149918 0.0195652 0.0219797 0.0000000 0.0256331 0.0242690 0.0194560 0.0197908 0.0280071 0.0247934 0.0214631 0.0225481 0.0240149 0.0246146 0.0212849 0.0265995 0.0204042 0.0208733 0.0221658 0.0081555 0.0191827 0.0221826 0.0194506 0.0242214 0.0202928 0.0152933 0.0195678 0.0261832 0.0277191 0.0260968 0.0197233 0.0279263 0.0218921 0.0189389 0.0213010 0.0198888 0.0210181 0.0181773 0.0201528 0.0195435 0.0212694 0.0226261 0.0205407 0.0255897 0.0224301 0.0199502 0.0213865 0.0239212 0.0257589 0.0239667 0.0223951 0.0196216 0.0185045 0.0213596 0.0199046 0.0201638 0.0290961 0.1208755 0.0211231 
Sebastes_glaucus        0.0225249 0.0264713 0.0279715 0.0289441 0.0277188 0.0260477 0.0232606 0.0284872 0.0278847 0.0264001 0.0255103 0.0258657 0.0241916 0.0293545 0.0245910 0.0272776 0.0250069 0.0267508 0.0255143 0.0266020 0.0247944 0.0256331 0.0000000 0.0302356 0.0282401 0.0271159 0.0326439 0.0310341 0.0247422 0.0240120 0.0295770 0.0323538 0.0258172 0.0300234 0.0279826 0.0285786 0.0268143 0.0253523 0.0271176 0.0253876 0.0265280 0.0261057 0.0260249 0.0261123 0.0288604 0.0318655 0.0320571 0.0310833 0.0272514 0.0316186 0.0284286 0.0258426 0.0245914 0.0247645 0.0266192 0.0224217 0.0276702 0.0258812 0.0279930 0.0282158 0.0280953 0.0300932 0.0284939 0.0282782 0.0291990 0.0249701 0.0296911 0.0291258 0.0271710 0.0281458 0.0240791 0.0258288 0.0260784 0.0257868 0.0327703 0.1302921 0.0284962 
Sebastes_goodei         0.0259893 0.0317378 0.0265092 0.0263803 0.0256741 0.0228076 0.0254332 0.0269279 0.0261676 0.0228451 0.0289324 0.0225092 0.0263446 0.0257146 0.0254390 0.0216603 0.0247064 0.0235036 0.0250044 0.0226501 0.0287381 0.0242690 0.0302356 0.0000000 0.0239078 0.0252696 0.0354200 0.0321417 0.0259001 0.0279131 0.0182734 0.0332977 0.0269072 0.0320613 0.0217427 0.0255626 0.0284936 0.0256663 0.0238114 0.0297259 0.0228131 0.0311202 0.0261746 0.0259405 0.0256164 0.0312875 0.0347988 0.0350537 0.0245096 0.0341796 0.0165297 0.0248341 0.0284330 0.0260991 0.0280582 0.0244593 0.0246141 0.0235037 0.0245214 0.0218479 0.0262028 0.0324627 0.0293708 0.0264159 0.0216103 0.0291494 0.0326194 0.0316842 0.0280114 0.0245644 0.0279140 0.0260933 0.0278046 0.0247579 0.0355458 0.1369902 0.0222932 
Sebastes_helvomaculatus 0.0201432 0.0275321 0.0206483 0.0204463 0.0189921 0.0204013 0.0206419 0.0199309 0.0201512 0.0100889 0.0249542 0.0106656 0.0225434 0.0199969 0.0196104 0.0203658 0.0194537 0.0109213 0.0194550 0.0106585 0.0242471 0.0194560 0.0282401 0.0239078 0.0000000 0.0191400 0.0298558 0.0269281 0.0229370 0.0232380 0.0222673 0.0280818 0.0239907 0.0301192 0.0203403 0.0194471 0.0235413 0.0222550 0.0184192 0.0236553 0.0205732 0.0276545 0.0212772 0.0203829 0.0197202 0.0285569 0.0287609 0.0274869 0.0102120 0.0289641 0.0220544 0.0183049 0.0227328 0.0213203 0.0201537 0.0198038 0.0114060 0.0104406 0.0212652 0.0220462 0.0190295 0.0278559 0.0231094 0.0201728 0.0199059 0.0253926 0.0266137 0.0261547 0.0249312 0.0095721 0.0226258 0.0230640 0.0223878 0.0210497 0.0315226 0.1262543 0.0204372 
Sebastes_hopkinsi       0.0191950 0.0265233 0.0226857 0.0216356 0.0179072 0.0197879 0.0207762 0.0206374 0.0226034 0.0183866 0.0236889 0.0172841 0.0196416 0.0194515 0.0209152 0.0198212 0.0208003 0.0206849 0.0201915 0.0189678 0.0229436 0.0197908 0.0271159 0.0252696 0.0191400 0.0000000 0.0278425 0.0241589 0.0241193 0.0234845 0.0239302 0.0238729 0.0238926 0.0279406 0.0219349 0.0196036 0.0219486 0.0222869 0.0195722 0.0223506 0.0184555 0.0259077 0.0134298 0.0204166 0.0198057 0.0262273 0.0281622 0.0258096 0.0188231 0.0254412 0.0219310 0.0195442 0.0232078 0.0219397 0.0216975 0.0189639 0.0153361 0.0195903 0.0199988 0.0216479 0.0194111 0.0275315 0.0229101 0.0178501 0.0208110 0.0265630 0.0259350 0.0261382 0.0248642 0.0177998 0.0215681 0.0213593 0.0213775 0.0217048 0.0319200 0.1170837 0.0196876 
Sebastes_hubbsi         0.0275934 0.0336189 0.0299074 0.0308808 0.0295674 0.0291567 0.0280469 0.0308216 0.0311577 0.0298203 0.0306556 0.0281515 0.0284922 0.0306156 0.0263159 0.0291210 0.0302618 0.0298872 0.0277100 0.0305483 0.0288743 0.0280071 0.0326439 0.0354200 0.0298558 0.0278425 0.0000000 0.0276469 0.0290353 0.0277761 0.0342840 0.0276024 0.0263787 0.0178732 0.0309848 0.0313455 0.0301734 0.0297731 0.0290530 0.0314388 0.0309779 0.0304824 0.0308806 0.0266122 0.0288194 0.0196242 0.0186023 0.0167660 0.0301043 0.0158577 0.0320659 0.0285839 0.0292755 0.0283604 0.0298653 0.0273998 0.0298965 0.0307882 0.0335105 0.0314705 0.0298803 0.0243880 0.0277461 0.0301352 0.0313393 0.0298992 0.0244682 0.0271902 0.0205908 0.0302910 0.0272504 0.0307762 0.0285405 0.0287776 0.0272646 0.1337385 0.0294814 
Sebastes_inermis        0.0247025 0.0315301 0.0272740 0.0292520 0.0258076 0.0285757 0.0254395 0.0275090 0.0280351 0.0262205 0.0285754 0.0254844 0.0252761 0.0267234 0.0253658 0.0268615 0.0278633 0.0281960 0.0246355 0.0267011 0.0275644 0.0247934 0.0310341 0.0321417 0.0269281 0.0241589 0.0276469 0.0000000 0.0281065 0.0255017 0.0309387 0.0073490 0.0239540 0.0276298 0.0290276 0.0276280 0.0280305 0.0274641 0.0250085 0.0265503 0.0263230 0.0304932 0.0275020 0.0254069 0.0270790 0.0248183 0.0278868 0.0257022 0.0279477 0.0258355 0.0292590 0.0246496 0.0278710 0.0262608 0.0287041 0.0243280 0.0275136 0.0280030 0.0293772 0.0281496 0.0270672 0.0244517 0.0253129 0.0253510 0.0278510 0.0285389 0.0256668 0.0094453 0.0235043 0.0262972 0.0267965 0.0259893 0.0264785 0.0267696 0.0316561 0.1313832 0.0289955 
Sebastes_iracundus      0.0186396 0.0234209 0.0238332 0.0245276 0.0241237 0.0232439 0.0196200 0.0246485 0.0248049 0.0226516 0.0248294 0.0228812 0.0219857 0.0249879 0.0223922 0.0231847 0.0225670 0.0231122 0.0219806 0.0229860 0.0209126 0.0214631 0.0247422 0.0259001 0.0229370 0.0241193 0.0290353 0.0281065 0.0000000 0.0221779 0.0265001 0.0302198 0.0232580 0.0266024 0.0232491 0.0237932 0.0218829 0.0225732 0.0224353 0.0225371 0.0222422 0.0249412 0.0247535 0.0233409 0.0241091 0.0268993 0.0294721 0.0283662 0.0233083 0.0292321 0.0268749 0.0221890 0.0234474 0.0220631 0.0264859 0.0200256 0.0261014 0.0218979 0.0243093 0.0245084 0.0236872 0.0278261 0.0247076 0.0230112 0.0233375 0.0224022 0.0281352 0.0258903 0.0235814 0.0233614 0.0212153 0.0227062 0.0244977 0.0213584 0.0289234 0.1257044 0.0230374 
Sebastes_itinus         0.0219695 0.0275111 0.0251075 0.0245152 0.0236152 0.0253626 0.0209548 0.0245005 0.0254414 0.0242343 0.0242422 0.0241044 0.0206758 0.0238968 0.0219123 0.0251622 0.0247714 0.0241384 0.0219786 0.0231263 0.0236878 0.0225481 0.0240120 0.0279131 0.0232380 0.0234845 0.0277761 0.0255017 0.0221779 0.0000000 0.0268657 0.0250518 0.0236754 0.0266908 0.0255422 0.0229529 0.0229582 0.0228738 0.0233089 0.0229634 0.0232853 0.0233135 0.0230644 0.0222266 0.0234084 0.0257352 0.0276460 0.0273388 0.0243722 0.0268739 0.0271360 0.0226978 0.0232099 0.0227581 0.0238295 0.0204919 0.0228489 0.0248041 0.0235466 0.0251184 0.0239690 0.0265894 0.0242084 0.0238753 0.0265181 0.0231384 0.0250683 0.0244707 0.0228604 0.0236827 0.0220846 0.0226088 0.0240232 0.0213221 0.0303522 0.1239122 0.0238670 
Sebastes_jordani        0.0241288 0.0307102 0.0236062 0.0247164 0.0241075 0.0206830 0.0247447 0.0254243 0.0240610 0.0229393 0.0272588 0.0218621 0.0239094 0.0243724 0.0234638 0.0205306 0.0231279 0.0218738 0.0236961 0.0232600 0.0270225 0.0240149 0.0295770 0.0182734 0.0222673 0.0239302 0.0342840 0.0309387 0.0265001 0.0268657 0.0000000 0.0310585 0.0274393 0.0325026 0.0225132 0.0250235 0.0279372 0.0256633 0.0233483 0.0288422 0.0237016 0.0295404 0.0250653 0.0234960 0.0251809 0.0312309 0.0333929 0.0327478 0.0222566 0.0336140 0.0171050 0.0239000 0.0273301 0.0261466 0.0249183 0.0223605 0.0228071 0.0245916 0.0257735 0.0215902 0.0255957 0.0332629 0.0275380 0.0251980 0.0213645 0.0286737 0.0311854 0.0294825 0.0281857 0.0223482 0.0249538 0.0259301 0.0275219 0.0259282 0.0359582 0.1291271 0.0206638 
Sebastes_joyneri        0.0245692 0.0326265 0.0280690 0.0281722 0.0265658 0.0281929 0.0256512 0.0272080 0.0305632 0.0263841 0.0286891 0.0255929 0.0253205 0.0279998 0.0246609 0.0277253 0.0280824 0.0303602 0.0253426 0.0271707 0.0289753 0.0246146 0.0323538 0.0332977 0.0280818 0.0238729 0.0276024 0.0073490 0.0302198 0.0250518 0.0310585 0.0000000 0.0242738 0.0276325 0.0294746 0.0284913 0.0284870 0.0266180 0.0251121 0.0274909 0.0256955 0.0287636 0.0258430 0.0258627 0.0267580 0.0262503 0.0278353 0.0265061 0.0286247 0.0251266 0.0303154 0.0251196 0.0280576 0.0266024 0.0273684 0.0239721 0.0250027 0.0274811 0.0281292 0.0300778 0.0280746 0.0241331 0.0242355 0.0265902 0.0297962 0.0294022 0.0255853 0.0094832 0.0235465 0.0281812 0.0262142 0.0270204 0.0275177 0.0280602 0.0312101 0.1291251 0.0282684 
Sebastes_kiyomatsui     0.0204381 0.0255141 0.0263870 0.0250775 0.0233674 0.0235836 0.0215943 0.0256600 0.0247669 0.0232237 0.0251301 0.0227249 0.0218536 0.0248615 0.0224011 0.0232717 0.0235443 0.0235677 0.0225731 0.0233825 0.0226442 0.0212849 0.0258172 0.0269072 0.0239907 0.0238926 0.0263787 0.0239540 0.0232580 0.0236754 0.0274393 0.0242738 0.0000000 0.0273263 0.0253555 0.0251881 0.0226434 0.0233627 0.0232940 0.0225176 0.0240342 0.0242357 0.0229578 0.0214586 0.0242373 0.0242216 0.0272820 0.0254691 0.0241772 0.0258440 0.0273770 0.0222251 0.0244488 0.0237634 0.0249405 0.0207775 0.0236732 0.0241797 0.0254596 0.0237986 0.0234413 0.0251422 0.0158858 0.0238418 0.0249134 0.0240796 0.0237247 0.0213208 0.0219419 0.0244454 0.0226495 0.0235982 0.0236634 0.0225627 0.0292990 0.1214145 0.0241780 
Sebastes_koreanus       0.0276705 0.0323107 0.0314269 0.0302290 0.0295324 0.0299810 0.0251787 0.0306958 0.0302740 0.0313991 0.0298817 0.0286116 0.0282245 0.0296501 0.0269251 0.0287947 0.0292191 0.0293996 0.0278403 0.0298832 0.0296913 0.0265995 0.0300234 0.0320613 0.0301192 0.0279406 0.0178732 0.0276298 0.0266024 0.0266908 0.0325026 0.0276325 0.0273263 0.0000000 0.0300614 0.0286554 0.0268547 0.0285180 0.0289777 0.0298908 0.0293844 0.0289685 0.0277494 0.0290433 0.0297218 0.0193231 0.0154781 0.0170211 0.0296880 0.0159430 0.0316996 0.0270464 0.0279096 0.0291865 0.0310870 0.0244520 0.0297280 0.0315155 0.0301049 0.0308268 0.0300614 0.0223552 0.0268678 0.0305559 0.0309398 0.0272042 0.0228650 0.0279079 0.0206133 0.0305194 0.0271631 0.0292393 0.0306701 0.0285309 0.0249270 0.1320059 0.0296752 
Sebastes_levis          0.0194625 0.0252767 0.0228598 0.0211552 0.0212402 0.0184138 0.0225307 0.0222549 0.0218711 0.0209102 0.0263983 0.0203063 0.0237474 0.0205668 0.0217122 0.0188245 0.0214084 0.0207294 0.0226080 0.0208389 0.0250153 0.0204042 0.0279826 0.0217427 0.0203403 0.0219349 0.0309848 0.0290276 0.0232491 0.0255422 0.0225132 0.0294746 0.0253555 0.0300614 0.0000000 0.0209874 0.0257297 0.0246224 0.0202019 0.0255485 0.0202561 0.0297653 0.0220357 0.0224431 0.0218441 0.0303192 0.0319044 0.0301866 0.0216404 0.0316872 0.0220118 0.0203631 0.0240177 0.0215285 0.0228868 0.0208239 0.0208823 0.0197153 0.0206423 0.0191707 0.0217937 0.0288173 0.0253223 0.0216553 0.0197221 0.0268716 0.0280250 0.0282127 0.0253369 0.0204490 0.0237578 0.0221801 0.0237811 0.0224957 0.0324400 0.1306030 0.0190378 
Sebastes_maliger        0.0210872 0.0260647 0.0107219 0.0123848 0.0088526 0.0227130 0.0219526 0.0085971 0.0095244 0.0191339 0.0254320 0.0188242 0.0216873 0.0122536 0.0211431 0.0209202 0.0181413 0.0200455 0.0199888 0.0188053 0.0254732 0.0208733 0.0285786 0.0255626 0.0194471 0.0196036 0.0313455 0.0276280 0.0237932 0.0229529 0.0250235 0.0284913 0.0251881 0.0286554 0.0209874 0.0000000 0.0248436 0.0217422 0.0181938 0.0243435 0.0193340 0.0282128 0.0210260 0.0208417 0.0100059 0.0275161 0.0287907 0.0295721 0.0195803 0.0307863 0.0228418 0.0194996 0.0234483 0.0218983 0.0132772 0.0206858 0.0203321 0.0192078 0.0214895 0.0217756 0.0121367 0.0268687 0.0258223 0.0129302 0.0222764 0.0255050 0.0277698 0.0270160 0.0243875 0.0201407 0.0232061 0.0222125 0.0229404 0.0214337 0.0317428 0.1289646 0.0238764 
Sebastes_matsubarae     0.0202005 0.0277076 0.0257218 0.0254278 0.0225628 0.0227424 0.0197700 0.0239610 0.0257770 0.0227417 0.0242904 0.0231259 0.0216085 0.0241121 0.0220849 0.0243115 0.0236414 0.0245940 0.0229455 0.0239195 0.0238303 0.0221658 0.0268143 0.0284936 0.0235413 0.0219486 0.0301734 0.0280305 0.0218829 0.0229582 0.0279372 0.0284870 0.0226434 0.0268547 0.0257297 0.0248436 0.0000000 0.0229090 0.0233579 0.0233843 0.0219939 0.0253231 0.0242518 0.0230271 0.0240709 0.0287111 0.0277735 0.0276626 0.0249262 0.0272006 0.0275302 0.0224042 0.0228544 0.0226568 0.0245732 0.0210964 0.0227517 0.0244041 0.0252680 0.0253299 0.0235675 0.0263157 0.0238575 0.0240568 0.0238879 0.0258910 0.0275007 0.0257566 0.0247513 0.0250081 0.0236825 0.0237670 0.0243633 0.0227660 0.0314740 0.1263402 0.0234376 
Sebastes_melanops       0.0212072 0.0253501 0.0221094 0.0228818 0.0209897 0.0218186 0.0212077 0.0232037 0.0235560 0.0216191 0.0227776 0.0226172 0.0198986 0.0215162 0.0187464 0.0218333 0.0211613 0.0221662 0.0174368 0.0219762 0.0245061 0.0081555 0.0253523 0.0256663 0.0222550 0.0222869 0.0297731 0.0274641 0.0225732 0.0228738 0.0256633 0.0266180 0.0233627 0.0285180 0.0246224 0.0217422 0.0229090 0.0000000 0.0207448 0.0241689 0.0220278 0.0248426 0.0212384 0.0181532 0.0230647 0.0263033 0.0302972 0.0285379 0.0226199 0.0282810 0.0242551 0.0220484 0.0240991 0.0223630 0.0235242 0.0187829 0.0214081 0.0224649 0.0220106 0.0219154 0.0224954 0.0286416 0.0243084 0.0223440 0.0237406 0.0234696 0.0260449 0.0272863 0.0246443 0.0226732 0.0210023 0.0210395 0.0232424 0.0221244 0.0307394 0.1194639 0.0221331 
Sebastes_melanostomus   0.0188733 0.0266130 0.0211771 0.0209963 0.0179437 0.0207108 0.0204555 0.0202139 0.0193563 0.0187038 0.0230529 0.0179945 0.0188719 0.0193284 0.0208069 0.0193069 0.0187699 0.0187220 0.0190978 0.0182194 0.0250281 0.0191827 0.0271176 0.0238114 0.0184192 0.0195722 0.0290530 0.0250085 0.0224353 0.0233089 0.0233483 0.0251121 0.0232940 0.0289777 0.0202019 0.0181938 0.0233579 0.0207448 0.0000000 0.0230125 0.0187086 0.0256855 0.0193194 0.0188090 0.0183243 0.0259864 0.0277476 0.0253342 0.0179839 0.0285973 0.0216652 0.0184721 0.0223485 0.0212802 0.0199901 0.0192907 0.0185485 0.0190345 0.0198508 0.0205491 0.0193579 0.0253074 0.0222878 0.0189767 0.0225037 0.0242278 0.0260735 0.0259811 0.0233401 0.0187378 0.0217010 0.0215143 0.0209438 0.0214605 0.0321610 0.1263779 0.0198743 
Sebastes_mentella       0.0201972 0.0275285 0.0256173 0.0277080 0.0249934 0.0243456 0.0206120 0.0243809 0.0279334 0.0232839 0.0231163 0.0234702 0.0225917 0.0248006 0.0227206 0.0236923 0.0269051 0.0250979 0.0210330 0.0239554 0.0080215 0.0221826 0.0253876 0.0297259 0.0236553 0.0223506 0.0314388 0.0265503 0.0225371 0.0229634 0.0288422 0.0274909 0.0225176 0.0298908 0.0255485 0.0243435 0.0233843 0.0241689 0.0230125 0.0000000 0.0238603 0.0245893 0.0250227 0.0219425 0.0248237 0.0266236 0.0289368 0.0280256 0.0244119 0.0259296 0.0269332 0.0233695 0.0215127 0.0226510 0.0245547 0.0208962 0.0221210 0.0246238 0.0254984 0.0259506 0.0232766 0.0263565 0.0257153 0.0237235 0.0270429 0.0258510 0.0279602 0.0274519 0.0262372 0.0235078 0.0214302 0.0239369 0.0234820 0.0232985 0.0320677 0.1239384 0.0243542 
Sebastes_miniatus       0.0214108 0.0256758 0.0221552 0.0224507 0.0192716 0.0219202 0.0221156 0.0199827 0.0203708 0.0203450 0.0231784 0.0174050 0.0212472 0.0203069 0.0209878 0.0200370 0.0206122 0.0208937 0.0208045 0.0178163 0.0242833 0.0194506 0.0265280 0.0228131 0.0205732 0.0184555 0.0309779 0.0263230 0.0222422 0.0232853 0.0237016 0.0256955 0.0240342 0.0293844 0.0202561 0.0193340 0.0219939 0.0220278 0.0187086 0.0238603 0.0000000 0.0258704 0.0194439 0.0200655 0.0200262 0.0271435 0.0295100 0.0269002 0.0197423 0.0282352 0.0217828 0.0140696 0.0230204 0.0206595 0.0211328 0.0186177 0.0187209 0.0201687 0.0200854 0.0211953 0.0195431 0.0272383 0.0232502 0.0199655 0.0209959 0.0247096 0.0270334 0.0264729 0.0247851 0.0190066 0.0221046 0.0217366 0.0208823 0.0198794 0.0314317 0.1253338 0.0207000 
Sebastes_minor          0.0241443 0.0273426 0.0282410 0.0288173 0.0270202 0.0270645 0.0221288 0.0267878 0.0290858 0.0277292 0.0265557 0.0269783 0.0237083 0.0285224 0.0247777 0.0267381 0.0260837 0.0263821 0.0247847 0.0280267 0.0245328 0.0242214 0.0261057 0.0311202 0.0276545 0.0259077 0.0304824 0.0304932 0.0249412 0.0233135 0.0295404 0.0287636 0.0242357 0.0289685 0.0297653 0.0282128 0.0253231 0.0248426 0.0256855 0.0245893 0.0258704 0.0000000 0.0277903 0.0251855 0.0259303 0.0283285 0.0292367 0.0297966 0.0276438 0.0304389 0.0292192 0.0255110 0.0240391 0.0263454 0.0270286 0.0228657 0.0267243 0.0281385 0.0275631 0.0269692 0.0283283 0.0275700 0.0258381 0.0276600 0.0282360 0.0186709 0.0286823 0.0282417 0.0246134 0.0271555 0.0241956 0.0275976 0.0262494 0.0262986 0.0316850 0.1274616 0.0275278 
Sebastes_moseri         0.0204725 0.0282620 0.0217039 0.0215816 0.0203017 0.0206056 0.0220255 0.0206596 0.0215410 0.0200189 0.0244259 0.0194318 0.0216467 0.0220477 0.0184697 0.0213492 0.0203062 0.0211918 0.0209291 0.0206365 0.0273443 0.0202928 0.0260249 0.0261746 0.0212772 0.0134298 0.0308806 0.0275020 0.0247535 0.0230644 0.0250653 0.0258430 0.0229578 0.0277494 0.0220357 0.0210260 0.0242518 0.0212384 0.0193194 0.0250227 0.0194439 0.0277903 0.0000000 0.0217249 0.0202946 0.0288506 0.0306332 0.0299446 0.0209396 0.0293664 0.0226375 0.0187689 0.0229058 0.0203002 0.0211878 0.0215702 0.0184751 0.0196489 0.0206992 0.0218151 0.0204130 0.0270006 0.0254235 0.0212999 0.0222186 0.0261851 0.0262501 0.0270415 0.0268184 0.0216951 0.0225467 0.0213832 0.0216833 0.0214981 0.0293339 0.1275479 0.0210368 
Sebastes_mystinus       0.0193826 0.0235943 0.0226865 0.0230416 0.0199518 0.0212811 0.0196431 0.0208644 0.0223049 0.0198801 0.0225401 0.0189359 0.0187010 0.0210988 0.0065518 0.0198935 0.0217410 0.0205993 0.0105457 0.0192168 0.0237909 0.0152933 0.0261123 0.0259405 0.0203829 0.0204166 0.0266122 0.0254069 0.0233409 0.0222266 0.0234960 0.0258627 0.0214586 0.0290433 0.0224431 0.0208417 0.0230271 0.0181532 0.0188090 0.0219425 0.0200655 0.0251855 0.0217249 0.0000000 0.0196937 0.0267710 0.0285042 0.0244971 0.0198731 0.0272577 0.0236460 0.0199302 0.0206826 0.0212292 0.0222981 0.0176189 0.0199625 0.0203086 0.0223789 0.0217826 0.0216223 0.0258352 0.0220359 0.0203142 0.0222831 0.0247289 0.0270284 0.0229544 0.0227390 0.0195115 0.0195145 0.0222818 0.0218264 0.0210773 0.0307279 0.1282330 0.0228879 
Sebastes_nebulosus      0.0200502 0.0255518 0.0111908 0.0120444 0.0099584 0.0207400 0.0216813 0.0099776 0.0105145 0.0188126 0.0249733 0.0188967 0.0213489 0.0113042 0.0207345 0.0193307 0.0179057 0.0202867 0.0213431 0.0182587 0.0245273 0.0195678 0.0288604 0.0256164 0.0197202 0.0198057 0.0288194 0.0270790 0.0241091 0.0234084 0.0251809 0.0267580 0.0242373 0.0297218 0.0218441 0.0100059 0.0240709 0.0230647 0.0183243 0.0248237 0.0200262 0.0259303 0.0202946 0.0196937 0.0000000 0.0274252 0.0303012 0.0264027 0.0196093 0.0279570 0.0222149 0.0206420 0.0237274 0.0215067 0.0115576 0.0195736 0.0171204 0.0190981 0.0221879 0.0221416 0.0120172 0.0279923 0.0225177 0.0117335 0.0219435 0.0253757 0.0275057 0.0258817 0.0250620 0.0186891 0.0227175 0.0229961 0.0220268 0.0215524 0.0316675 0.1254959 0.0208655 
Sebastes_nivosus        0.0254479 0.0310112 0.0283621 0.0283363 0.0275603 0.0277823 0.0248981 0.0275661 0.0291868 0.0269403 0.0296760 0.0257923 0.0260079 0.0292856 0.0272045 0.0270571 0.0278377 0.0298419 0.0251790 0.0282568 0.0263624 0.0261832 0.0318655 0.0312875 0.0285569 0.0262273 0.0196242 0.0248183 0.0268993 0.0257352 0.0312309 0.0262503 0.0242216 0.0193231 0.0303192 0.0275161 0.0287111 0.0263033 0.0259864 0.0266236 0.0271435 0.0283285 0.0288506 0.0267710 0.0274252 0.0000000 0.0195224 0.0193173 0.0269126 0.0182879 0.0317174 0.0264859 0.0276601 0.0277850 0.0285408 0.0236818 0.0269924 0.0281509 0.0289648 0.0275585 0.0281082 0.0203586 0.0250983 0.0280273 0.0293176 0.0290969 0.0216871 0.0232085 0.0180274 0.0287880 0.0260029 0.0267863 0.0269906 0.0276772 0.0245590 0.1331699 0.0273577 
Sebastes_nudus          0.0260395 0.0302390 0.0301732 0.0300592 0.0295239 0.0306918 0.0263744 0.0321197 0.0331023 0.0291008 0.0299127 0.0286583 0.0271147 0.0295909 0.0288664 0.0285948 0.0305756 0.0292870 0.0280834 0.0285363 0.0277611 0.0277191 0.0320571 0.0347988 0.0287609 0.0281622 0.0186023 0.0278868 0.0294721 0.0276460 0.0333929 0.0278353 0.0272820 0.0154781 0.0319044 0.0287907 0.0277735 0.0302972 0.0277476 0.0289368 0.0295100 0.0292367 0.0306332 0.0285042 0.0303012 0.0195224 0.0000000 0.0169228 0.0290515 0.0097334 0.0335598 0.0284334 0.0298034 0.0311636 0.0314108 0.0258752 0.0294258 0.0306592 0.0337021 0.0313853 0.0296473 0.0224414 0.0288519 0.0301673 0.0299908 0.0292314 0.0235560 0.0262704 0.0194441 0.0291373 0.0288209 0.0301043 0.0309366 0.0285259 0.0266719 0.1339878 0.0294490 
Sebastes_oblongus       0.0254061 0.0310342 0.0296704 0.0295867 0.0272076 0.0274915 0.0274015 0.0272622 0.0281294 0.0257958 0.0292004 0.0279280 0.0272414 0.0288777 0.0258659 0.0292280 0.0282739 0.0285402 0.0260680 0.0276284 0.0294638 0.0260968 0.0310833 0.0350537 0.0274869 0.0258096 0.0167660 0.0257022 0.0283662 0.0273388 0.0327478 0.0265061 0.0254691 0.0170211 0.0301866 0.0295721 0.0276626 0.0285379 0.0253342 0.0280256 0.0269002 0.0297966 0.0299446 0.0244971 0.0264027 0.0193173 0.0169228 0.0000000 0.0282939 0.0148258 0.0307430 0.0273249 0.0261105 0.0275805 0.0271347 0.0254859 0.0266786 0.0275635 0.0295753 0.0311175 0.0274389 0.0218051 0.0251966 0.0290666 0.0303001 0.0289132 0.0228527 0.0255517 0.0198034 0.0274336 0.0272357 0.0305585 0.0289037 0.0271440 0.0276258 0.1341569 0.0291659 
Sebastes_oculatus       0.0198823 0.0261649 0.0207306 0.0215393 0.0196972 0.0197080 0.0201417 0.0214706 0.0213864 0.0096808 0.0250030 0.0093044 0.0219581 0.0204114 0.0204085 0.0179719 0.0186293 0.0106529 0.0201497 0.0082842 0.0248735 0.0197233 0.0272514 0.0245096 0.0102120 0.0188231 0.0301043 0.0279477 0.0233083 0.0243722 0.0222566 0.0286247 0.0241772 0.0296880 0.0216404 0.0195803 0.0249262 0.0226199 0.0179839 0.0244119 0.0197423 0.0276438 0.0209396 0.0198731 0.0196093 0.0269126 0.0290515 0.0282939 0.0000000 0.0296114 0.0221670 0.0189646 0.0228064 0.0215542 0.0222270 0.0201853 0.0111457 0.0099667 0.0224466 0.0205491 0.0196690 0.0281136 0.0248407 0.0201330 0.0198501 0.0257519 0.0294212 0.0270634 0.0247721 0.0100836 0.0225433 0.0222817 0.0222370 0.0218302 0.0320344 0.1264883 0.0197868 
Sebastes_pachycephalus  0.0258883 0.0335171 0.0297890 0.0304800 0.0265381 0.0292070 0.0270988 0.0282993 0.0303263 0.0278866 0.0288646 0.0269879 0.0283697 0.0309615 0.0259044 0.0288786 0.0292146 0.0299930 0.0275873 0.0291420 0.0288249 0.0279263 0.0316186 0.0341796 0.0289641 0.0254412 0.0158577 0.0258355 0.0292321 0.0268739 0.0336140 0.0251266 0.0258440 0.0159430 0.0316872 0.0307863 0.0272006 0.0282810 0.0285973 0.0259296 0.0282352 0.0304389 0.0293664 0.0272577 0.0279570 0.0182879 0.0097334 0.0148258 0.0296114 0.0000000 0.0310434 0.0283529 0.0276123 0.0280921 0.0289902 0.0249960 0.0255053 0.0286749 0.0308819 0.0315036 0.0285387 0.0214428 0.0265547 0.0287213 0.0295960 0.0308066 0.0227861 0.0257201 0.0195997 0.0297041 0.0266010 0.0305900 0.0276254 0.0271134 0.0260394 0.1293783 0.0303794 
